Número de partículas: 100
Dimensão: 2
Número máximo de iterações: 1000
Parâmetros de controle de velocidade:
c1: 0.5000000000 0.5000000000
c2: 0.2000000000 0.2000000000
wmax: 0.9500000000
wmin: 0.6500000000
vmax: 0.0080000000
Número de predadores: 20.0000000000
lambda: 0.0010000000
alpha: 0.0010000000
A0: 0.0000005000
A1: 0.0000005000
Dnuc: 0.0000000000
Drep: 0.0001000000
