Número de partículas: 50
Dimensão: 2
Número máximo de iterações: 1000
Parâmetros de controle de velocidade:
c1: 0.50000 0.50000
c2: 0.20000 0.20000
wmax: 0.95000
wmin: 0.65
vmax: 0.01
Número de predadores: 10.00
lambda: 0.00
alpha: 0.00
A0: 0.00
A1: 0.00
Dnuc: 0.00
Drep: 0.00
